 written on 3Feb2023  at 21:39:14
    2
    2    2
   -1   -1   -1    1    1    1    1    0.0000000000    0.0000000000
   -1   -1   -1    1    1    1    2    0.0000000000    0.0000000000
   -1   -1   -1    1    1    1    3    0.0000000000    0.0000000000
   -1   -1   -1    1    1    1    4    0.0000000000    0.0000000000
   -1   -1   -1    1    1    2    1    0.0000000000    0.0000000000
   -1   -1   -1    1    1    2    2    0.0000000000    0.0000000000
   -1   -1   -1    1    1    2    3    0.0000000000    0.0000000000
   -1   -1   -1    1    1    2    4    0.0000000000    0.0000000000
   -1   -1   -1    1    1    3    1    0.0000000000    0.0000000000
   -1   -1   -1    1    1    3    2    0.0000000000    0.0000000000
   -1   -1   -1    1    1    3    3    0.0000000000    0.0000000000
   -1   -1   -1    1    1    3    4    0.0000000000    0.0000000000
   -1   -1   -1    1    1    4    1    0.0000000000    0.0000000000
   -1   -1   -1    1    1    4    2    0.0000000000    0.0000000000
   -1   -1   -1    1    1    4    3    0.0000000000    0.0000000000
   -1   -1   -1    1    1    4    4    0.0000000000    0.0000000000
   -1   -1   -1    1    2    1    1   -0.2500000000    0.0000000000
   -1   -1   -1    1    2    1    2    0.0000000000    0.0000000000
   -1   -1   -1    1    2    1    3    0.0000000000    0.0000000000
   -1   -1   -1    1    2    1    4    0.0000000000    0.0000000000
   -1   -1   -1    1    2    2    1    0.0000000000    0.0000000000
   -1   -1   -1    1    2    2    2    0.2500000000    0.0000000000
   -1   -1   -1    1    2    2    3    0.0000000000    0.0000000000
   -1   -1   -1    1    2    2    4    0.0000000000    0.0000000000
   -1   -1   -1    1    2    3    1    0.0000000000    0.0000000000
   -1   -1   -1    1    2    3    2    0.0000000000    0.0000000000
   -1   -1   -1    1    2    3    3    0.2500000000    0.0000000000
   -1   -1   -1    1    2    3    4    0.0000000000    0.0000000000
   -1   -1   -1    1    2    4    1    0.0000000000    0.0000000000
   -1   -1   -1    1    2    4    2    0.0000000000    0.0000000000
   -1   -1   -1    1    2    4    3    0.0000000000    0.0000000000
   -1   -1   -1    1    2    4    4    0.2500000000    0.0000000000
   -1   -1   -1    2    1    1    1    0.0000000000    0.0000000000
   -1   -1   -1    2    1    1    2    0.0000000000    0.0000000000
   -1   -1   -1    2    1    1    3    0.0000000000    0.0000000000
   -1   -1   -1    2    1    1    4    0.0000000000    0.0000000000
   -1   -1   -1    2    1    2    1    0.0000000000    0.0000000000
   -1   -1   -1    2    1    2    2    0.0000000000    0.0000000000
   -1   -1   -1    2    1    2    3    0.0000000000    0.0000000000
   -1   -1   -1    2    1    2    4    0.0000000000    0.0000000000
   -1   -1   -1    2    1    3    1    0.0000000000    0.0000000000
   -1   -1   -1    2    1    3    2    0.0000000000    0.0000000000
   -1   -1   -1    2    1    3    3    0.0000000000    0.0000000000
   -1   -1   -1    2    1    3    4    0.0000000000    0.0000000000
   -1   -1   -1    2    1    4    1    0.0000000000    0.0000000000
   -1   -1   -1    2    1    4    2    0.0000000000    0.0000000000
   -1   -1   -1    2    1    4    3    0.0000000000    0.0000000000
   -1   -1   -1    2    1    4    4    0.0000000000    0.0000000000
   -1   -1   -1    2    2    1    1    0.0000000000    0.0000000000
   -1   -1   -1    2    2    1    2    0.0000000000    0.0000000000
   -1   -1   -1    2    2    1    3    0.0000000000    0.0000000000
   -1   -1   -1    2    2    1    4    0.0000000000    0.0000000000
   -1   -1   -1    2    2    2    1    0.0000000000    0.0000000000
   -1   -1   -1    2    2    2    2    0.0000000000    0.0000000000
   -1   -1   -1    2    2    2    3    0.0000000000    0.0000000000
   -1   -1   -1    2    2    2    4    0.0000000000    0.0000000000
   -1   -1   -1    2    2    3    1    0.0000000000    0.0000000000
   -1   -1   -1    2    2    3    2    0.0000000000    0.0000000000
   -1   -1   -1    2    2    3    3    0.0000000000    0.0000000000
   -1   -1   -1    2    2    3    4    0.0000000000    0.0000000000
   -1   -1   -1    2    2    4    1    0.0000000000    0.0000000000
   -1   -1   -1    2    2    4    2    0.0000000000    0.0000000000
   -1   -1   -1    2    2    4    3    0.0000000000    0.0000000000
   -1   -1   -1    2    2    4    4    0.0000000000    0.0000000000
   -1   -1    0    1    1    1    1    0.0000000000    0.0000000000
   -1   -1    0    1    1    1    2    0.0000000000    0.0000000000
   -1   -1    0    1    1    1    3    0.0000000000    0.0000000000
   -1   -1    0    1    1    1    4    0.0000000000    0.0000000000
   -1   -1    0    1    1    2    1    0.0000000000    0.0000000000
   -1   -1    0    1    1    2    2    0.0000000000    0.0000000000
   -1   -1    0    1    1    2    3    0.0000000000    0.0000000000
   -1   -1    0    1    1    2    4    0.0000000000    0.0000000000
   -1   -1    0    1    1    3    1    0.0000000000    0.0000000000
   -1   -1    0    1    1    3    2    0.0000000000    0.0000000000
   -1   -1    0    1    1    3    3    0.0000000000    0.0000000000
   -1   -1    0    1    1    3    4    0.0000000000    0.0000000000
   -1   -1    0    1    1    4    1    0.0000000000    0.0000000000
   -1   -1    0    1    1    4    2    0.0000000000    0.0000000000
   -1   -1    0    1    1    4    3    0.0000000000    0.0000000000
   -1   -1    0    1    1    4    4    0.0000000000    0.0000000000
   -1   -1    0    1    2    1    1   -0.2500000000    0.0000000000
   -1   -1    0    1    2    1    2    0.0000000000    0.0000000000
   -1   -1    0    1    2    1    3    0.0000000000    0.0000000000
   -1   -1    0    1    2    1    4    0.0000000000    0.0000000000
   -1   -1    0    1    2    2    1    0.0000000000    0.0000000000
   -1   -1    0    1    2    2    2    0.2500000000    0.0000000000
   -1   -1    0    1    2    2    3    0.0000000000    0.0000000000
   -1   -1    0    1    2    2    4    0.0000000000    0.0000000000
   -1   -1    0    1    2    3    1    0.0000000000    0.0000000000
   -1   -1    0    1    2    3    2    0.0000000000    0.0000000000
   -1   -1    0    1    2    3    3    0.2500000000    0.0000000000
   -1   -1    0    1    2    3    4    0.0000000000    0.0000000000
   -1   -1    0    1    2    4    1    0.0000000000    0.0000000000
   -1   -1    0    1    2    4    2    0.0000000000    0.0000000000
   -1   -1    0    1    2    4    3    0.0000000000    0.0000000000
   -1   -1    0    1    2    4    4    0.2500000000    0.0000000000
   -1   -1    0    2    1    1    1    0.0000000000    0.0000000000
   -1   -1    0    2    1    1    2    0.0000000000    0.0000000000
   -1   -1    0    2    1    1    3    0.0000000000    0.0000000000
   -1   -1    0    2    1    1    4    0.0000000000    0.0000000000
   -1   -1    0    2    1    2    1    0.0000000000    0.0000000000
   -1   -1    0    2    1    2    2    0.0000000000    0.0000000000
   -1   -1    0    2    1    2    3    0.0000000000    0.0000000000
   -1   -1    0    2    1    2    4    0.0000000000    0.0000000000
   -1   -1    0    2    1    3    1    0.0000000000    0.0000000000
   -1   -1    0    2    1    3    2    0.0000000000    0.0000000000
   -1   -1    0    2    1    3    3    0.0000000000    0.0000000000
   -1   -1    0    2    1    3    4    0.0000000000    0.0000000000
   -1   -1    0    2    1    4    1    0.0000000000    0.0000000000
   -1   -1    0    2    1    4    2    0.0000000000    0.0000000000
   -1   -1    0    2    1    4    3    0.0000000000    0.0000000000
   -1   -1    0    2    1    4    4    0.0000000000    0.0000000000
   -1   -1    0    2    2    1    1    0.0000000000    0.0000000000
   -1   -1    0    2    2    1    2    0.0000000000    0.0000000000
   -1   -1    0    2    2    1    3    0.0000000000    0.0000000000
   -1   -1    0    2    2    1    4    0.0000000000    0.0000000000
   -1   -1    0    2    2    2    1    0.0000000000    0.0000000000
   -1   -1    0    2    2    2    2    0.0000000000    0.0000000000
   -1   -1    0    2    2    2    3    0.0000000000    0.0000000000
   -1   -1    0    2    2    2    4    0.0000000000    0.0000000000
   -1   -1    0    2    2    3    1    0.0000000000    0.0000000000
   -1   -1    0    2    2    3    2    0.0000000000    0.0000000000
   -1   -1    0    2    2    3    3    0.0000000000    0.0000000000
   -1   -1    0    2    2    3    4    0.0000000000    0.0000000000
   -1   -1    0    2    2    4    1    0.0000000000    0.0000000000
   -1   -1    0    2    2    4    2    0.0000000000    0.0000000000
   -1   -1    0    2    2    4    3    0.0000000000    0.0000000000
   -1   -1    0    2    2    4    4    0.0000000000    0.0000000000
   -1    0   -1    1    1    1    1    0.0000000000    0.0000000000
   -1    0   -1    1    1    1    2    0.0000000000    0.0000000000
   -1    0   -1    1    1    1    3    0.0000000000    0.0000000000
   -1    0   -1    1    1    1    4    0.0000000000    0.0000000000
   -1    0   -1    1    1    2    1    0.0000000000    0.0000000000
   -1    0   -1    1    1    2    2    0.0000000000    0.0000000000
   -1    0   -1    1    1    2    3    0.0000000000    0.0000000000
   -1    0   -1    1    1    2    4    0.0000000000    0.0000000000
   -1    0   -1    1    1    3    1    0.0000000000    0.0000000000
   -1    0   -1    1    1    3    2    0.0000000000    0.0000000000
   -1    0   -1    1    1    3    3    0.0000000000    0.0000000000
   -1    0   -1    1    1    3    4    0.0000000000    0.0000000000
   -1    0   -1    1    1    4    1    0.0000000000    0.0000000000
   -1    0   -1    1    1    4    2    0.0000000000    0.0000000000
   -1    0   -1    1    1    4    3    0.0000000000    0.0000000000
   -1    0   -1    1    1    4    4    0.0000000000    0.0000000000
   -1    0   -1    1    2    1    1   -0.2500000000    0.0000000000
   -1    0   -1    1    2    1    2    0.0000000000    0.0000000000
   -1    0   -1    1    2    1    3    0.0000000000    0.0000000000
   -1    0   -1    1    2    1    4    0.0000000000    0.0000000000
   -1    0   -1    1    2    2    1    0.0000000000    0.0000000000
   -1    0   -1    1    2    2    2    0.2500000000    0.0000000000
   -1    0   -1    1    2    2    3    0.0000000000    0.0000000000
   -1    0   -1    1    2    2    4    0.0000000000    0.0000000000
   -1    0   -1    1    2    3    1    0.0000000000    0.0000000000
   -1    0   -1    1    2    3    2    0.0000000000    0.0000000000
   -1    0   -1    1    2    3    3    0.2500000000    0.0000000000
   -1    0   -1    1    2    3    4    0.0000000000    0.0000000000
   -1    0   -1    1    2    4    1    0.0000000000    0.0000000000
   -1    0   -1    1    2    4    2    0.0000000000    0.0000000000
   -1    0   -1    1    2    4    3    0.0000000000    0.0000000000
   -1    0   -1    1    2    4    4    0.2500000000    0.0000000000
   -1    0   -1    2    1    1    1    0.0000000000    0.0000000000
   -1    0   -1    2    1    1    2    0.0000000000    0.0000000000
   -1    0   -1    2    1    1    3    0.0000000000    0.0000000000
   -1    0   -1    2    1    1    4    0.0000000000    0.0000000000
   -1    0   -1    2    1    2    1    0.0000000000    0.0000000000
   -1    0   -1    2    1    2    2    0.0000000000    0.0000000000
   -1    0   -1    2    1    2    3    0.0000000000    0.0000000000
   -1    0   -1    2    1    2    4    0.0000000000    0.0000000000
   -1    0   -1    2    1    3    1    0.0000000000    0.0000000000
   -1    0   -1    2    1    3    2    0.0000000000    0.0000000000
   -1    0   -1    2    1    3    3    0.0000000000    0.0000000000
   -1    0   -1    2    1    3    4    0.0000000000    0.0000000000
   -1    0   -1    2    1    4    1    0.0000000000    0.0000000000
   -1    0   -1    2    1    4    2    0.0000000000    0.0000000000
   -1    0   -1    2    1    4    3    0.0000000000    0.0000000000
   -1    0   -1    2    1    4    4    0.0000000000    0.0000000000
   -1    0   -1    2    2    1    1    0.0000000000    0.0000000000
   -1    0   -1    2    2    1    2    0.0000000000    0.0000000000
   -1    0   -1    2    2    1    3    0.0000000000    0.0000000000
   -1    0   -1    2    2    1    4    0.0000000000    0.0000000000
   -1    0   -1    2    2    2    1    0.0000000000    0.0000000000
   -1    0   -1    2    2    2    2    0.0000000000    0.0000000000
   -1    0   -1    2    2    2    3    0.0000000000    0.0000000000
   -1    0   -1    2    2    2    4    0.0000000000    0.0000000000
   -1    0   -1    2    2    3    1    0.0000000000    0.0000000000
   -1    0   -1    2    2    3    2    0.0000000000    0.0000000000
   -1    0   -1    2    2    3    3    0.0000000000    0.0000000000
   -1    0   -1    2    2    3    4    0.0000000000    0.0000000000
   -1    0   -1    2    2    4    1    0.0000000000    0.0000000000
   -1    0   -1    2    2    4    2    0.0000000000    0.0000000000
   -1    0   -1    2    2    4    3    0.0000000000    0.0000000000
   -1    0   -1    2    2    4    4    0.0000000000    0.0000000000
   -1    0    0    1    1    1    1    0.0000000000    0.0000000000
   -1    0    0    1    1    1    2    0.0000000000    0.0000000000
   -1    0    0    1    1    1    3    0.0000000000    0.0000000000
   -1    0    0    1    1    1    4    0.0000000000    0.0000000000
   -1    0    0    1    1    2    1    0.0000000000    0.0000000000
   -1    0    0    1    1    2    2    0.0000000000    0.0000000000
   -1    0    0    1    1    2    3    0.0000000000    0.0000000000
   -1    0    0    1    1    2    4    0.0000000000    0.0000000000
   -1    0    0    1    1    3    1    0.0000000000    0.0000000000
   -1    0    0    1    1    3    2    0.0000000000    0.0000000000
   -1    0    0    1    1    3    3    0.0000000000    0.0000000000
   -1    0    0    1    1    3    4    0.0000000000    0.0000000000
   -1    0    0    1    1    4    1    0.0000000000    0.0000000000
   -1    0    0    1    1    4    2    0.0000000000    0.0000000000
   -1    0    0    1    1    4    3    0.0000000000    0.0000000000
   -1    0    0    1    1    4    4    0.0000000000    0.0000000000
   -1    0    0    1    2    1    1   -0.2500000000    0.0000000000
   -1    0    0    1    2    1    2    0.0000000000    0.0000000000
   -1    0    0    1    2    1    3    0.0000000000    0.0000000000
   -1    0    0    1    2    1    4    0.0000000000    0.0000000000
   -1    0    0    1    2    2    1    0.0000000000    0.0000000000
   -1    0    0    1    2    2    2    0.2500000000    0.0000000000
   -1    0    0    1    2    2    3    0.0000000000    0.0000000000
   -1    0    0    1    2    2    4    0.0000000000    0.0000000000
   -1    0    0    1    2    3    1    0.0000000000    0.0000000000
   -1    0    0    1    2    3    2    0.0000000000    0.0000000000
   -1    0    0    1    2    3    3    0.2500000000    0.0000000000
   -1    0    0    1    2    3    4    0.0000000000    0.0000000000
   -1    0    0    1    2    4    1    0.0000000000    0.0000000000
   -1    0    0    1    2    4    2    0.0000000000    0.0000000000
   -1    0    0    1    2    4    3    0.0000000000    0.0000000000
   -1    0    0    1    2    4    4    0.2500000000    0.0000000000
   -1    0    0    2    1    1    1    0.0000000000    0.0000000000
   -1    0    0    2    1    1    2    0.0000000000    0.0000000000
   -1    0    0    2    1    1    3    0.0000000000    0.0000000000
   -1    0    0    2    1    1    4    0.0000000000    0.0000000000
   -1    0    0    2    1    2    1    0.0000000000    0.0000000000
   -1    0    0    2    1    2    2    0.0000000000    0.0000000000
   -1    0    0    2    1    2    3    0.0000000000    0.0000000000
   -1    0    0    2    1    2    4    0.0000000000    0.0000000000
   -1    0    0    2    1    3    1    0.0000000000    0.0000000000
   -1    0    0    2    1    3    2    0.0000000000    0.0000000000
   -1    0    0    2    1    3    3    0.0000000000    0.0000000000
   -1    0    0    2    1    3    4    0.0000000000    0.0000000000
   -1    0    0    2    1    4    1    0.0000000000    0.0000000000
   -1    0    0    2    1    4    2    0.0000000000    0.0000000000
   -1    0    0    2    1    4    3    0.0000000000    0.0000000000
   -1    0    0    2    1    4    4    0.0000000000    0.0000000000
   -1    0    0    2    2    1    1    0.0000000000    0.0000000000
   -1    0    0    2    2    1    2    0.0000000000    0.0000000000
   -1    0    0    2    2    1    3    0.0000000000    0.0000000000
   -1    0    0    2    2    1    4    0.0000000000    0.0000000000
   -1    0    0    2    2    2    1    0.0000000000    0.0000000000
   -1    0    0    2    2    2    2    0.0000000000    0.0000000000
   -1    0    0    2    2    2    3    0.0000000000    0.0000000000
   -1    0    0    2    2    2    4    0.0000000000    0.0000000000
   -1    0    0    2    2    3    1    0.0000000000    0.0000000000
   -1    0    0    2    2    3    2    0.0000000000    0.0000000000
   -1    0    0    2    2    3    3    0.0000000000    0.0000000000
   -1    0    0    2    2    3    4    0.0000000000    0.0000000000
   -1    0    0    2    2    4    1    0.0000000000    0.0000000000
   -1    0    0    2    2    4    2    0.0000000000    0.0000000000
   -1    0    0    2    2    4    3    0.0000000000    0.0000000000
   -1    0    0    2    2    4    4    0.0000000000    0.0000000000
    0   -1   -1    1    1    1    1    0.0000000000    0.0000000000
    0   -1   -1    1    1    1    2    0.0000000000    0.0000000000
    0   -1   -1    1    1    1    3    0.0000000000    0.0000000000
    0   -1   -1    1    1    1    4    0.0000000000    0.0000000000
    0   -1   -1    1    1    2    1    0.0000000000    0.0000000000
    0   -1   -1    1    1    2    2    0.0000000000    0.0000000000
    0   -1   -1    1    1    2    3    0.0000000000    0.0000000000
    0   -1   -1    1    1    2    4    0.0000000000    0.0000000000
    0   -1   -1    1    1    3    1    0.0000000000    0.0000000000
    0   -1   -1    1    1    3    2    0.0000000000    0.0000000000
    0   -1   -1    1    1    3    3    0.0000000000    0.0000000000
    0   -1   -1    1    1    3    4    0.0000000000    0.0000000000
    0   -1   -1    1    1    4    1    0.0000000000    0.0000000000
    0   -1   -1    1    1    4    2    0.0000000000    0.0000000000
    0   -1   -1    1    1    4    3    0.0000000000    0.0000000000
    0   -1   -1    1    1    4    4    0.0000000000    0.0000000000
    0   -1   -1    1    2    1    1   -0.2500000000    0.0000000000
    0   -1   -1    1    2    1    2    0.0000000000    0.0000000000
    0   -1   -1    1    2    1    3    0.0000000000    0.0000000000
    0   -1   -1    1    2    1    4    0.0000000000    0.0000000000
    0   -1   -1    1    2    2    1    0.0000000000    0.0000000000
    0   -1   -1    1    2    2    2    0.2500000000    0.0000000000
    0   -1   -1    1    2    2    3    0.0000000000    0.0000000000
    0   -1   -1    1    2    2    4    0.0000000000    0.0000000000
    0   -1   -1    1    2    3    1    0.0000000000    0.0000000000
    0   -1   -1    1    2    3    2    0.0000000000    0.0000000000
    0   -1   -1    1    2    3    3    0.2500000000    0.0000000000
    0   -1   -1    1    2    3    4    0.0000000000    0.0000000000
    0   -1   -1    1    2    4    1    0.0000000000    0.0000000000
    0   -1   -1    1    2    4    2    0.0000000000    0.0000000000
    0   -1   -1    1    2    4    3    0.0000000000    0.0000000000
    0   -1   -1    1    2    4    4    0.2500000000    0.0000000000
    0   -1   -1    2    1    1    1    0.0000000000    0.0000000000
    0   -1   -1    2    1    1    2    0.0000000000    0.0000000000
    0   -1   -1    2    1    1    3    0.0000000000    0.0000000000
    0   -1   -1    2    1    1    4    0.0000000000    0.0000000000
    0   -1   -1    2    1    2    1    0.0000000000    0.0000000000
    0   -1   -1    2    1    2    2    0.0000000000    0.0000000000
    0   -1   -1    2    1    2    3    0.0000000000    0.0000000000
    0   -1   -1    2    1    2    4    0.0000000000    0.0000000000
    0   -1   -1    2    1    3    1    0.0000000000    0.0000000000
    0   -1   -1    2    1    3    2    0.0000000000    0.0000000000
    0   -1   -1    2    1    3    3    0.0000000000    0.0000000000
    0   -1   -1    2    1    3    4    0.0000000000    0.0000000000
    0   -1   -1    2    1    4    1    0.0000000000    0.0000000000
    0   -1   -1    2    1    4    2    0.0000000000    0.0000000000
    0   -1   -1    2    1    4    3    0.0000000000    0.0000000000
    0   -1   -1    2    1    4    4    0.0000000000    0.0000000000
    0   -1   -1    2    2    1    1    0.0000000000    0.0000000000
    0   -1   -1    2    2    1    2    0.0000000000    0.0000000000
    0   -1   -1    2    2    1    3    0.0000000000    0.0000000000
    0   -1   -1    2    2    1    4    0.0000000000    0.0000000000
    0   -1   -1    2    2    2    1    0.0000000000    0.0000000000
    0   -1   -1    2    2    2    2    0.0000000000    0.0000000000
    0   -1   -1    2    2    2    3    0.0000000000    0.0000000000
    0   -1   -1    2    2    2    4    0.0000000000    0.0000000000
    0   -1   -1    2    2    3    1    0.0000000000    0.0000000000
    0   -1   -1    2    2    3    2    0.0000000000    0.0000000000
    0   -1   -1    2    2    3    3    0.0000000000    0.0000000000
    0   -1   -1    2    2    3    4    0.0000000000    0.0000000000
    0   -1   -1    2    2    4    1    0.0000000000    0.0000000000
    0   -1   -1    2    2    4    2    0.0000000000    0.0000000000
    0   -1   -1    2    2    4    3    0.0000000000    0.0000000000
    0   -1   -1    2    2    4    4    0.0000000000    0.0000000000
    0   -1    0    1    1    1    1    0.0000000000    0.0000000000
    0   -1    0    1    1    1    2    0.0000000000    0.0000000000
    0   -1    0    1    1    1    3    0.0000000000    0.0000000000
    0   -1    0    1    1    1    4    0.0000000000    0.0000000000
    0   -1    0    1    1    2    1    0.0000000000    0.0000000000
    0   -1    0    1    1    2    2    0.0000000000    0.0000000000
    0   -1    0    1    1    2    3    0.0000000000    0.0000000000
    0   -1    0    1    1    2    4    0.0000000000    0.0000000000
    0   -1    0    1    1    3    1    0.0000000000    0.0000000000
    0   -1    0    1    1    3    2    0.0000000000    0.0000000000
    0   -1    0    1    1    3    3    0.0000000000    0.0000000000
    0   -1    0    1    1    3    4    0.0000000000    0.0000000000
    0   -1    0    1    1    4    1    0.0000000000    0.0000000000
    0   -1    0    1    1    4    2    0.0000000000    0.0000000000
    0   -1    0    1    1    4    3    0.0000000000    0.0000000000
    0   -1    0    1    1    4    4    0.0000000000    0.0000000000
    0   -1    0    1    2    1    1   -0.2500000000    0.0000000000
    0   -1    0    1    2    1    2    0.0000000000    0.0000000000
    0   -1    0    1    2    1    3    0.0000000000    0.0000000000
    0   -1    0    1    2    1    4    0.0000000000    0.0000000000
    0   -1    0    1    2    2    1    0.0000000000    0.0000000000
    0   -1    0    1    2    2    2    0.2500000000    0.0000000000
    0   -1    0    1    2    2    3    0.0000000000    0.0000000000
    0   -1    0    1    2    2    4    0.0000000000    0.0000000000
    0   -1    0    1    2    3    1    0.0000000000    0.0000000000
    0   -1    0    1    2    3    2    0.0000000000    0.0000000000
    0   -1    0    1    2    3    3    0.2500000000    0.0000000000
    0   -1    0    1    2    3    4    0.0000000000    0.0000000000
    0   -1    0    1    2    4    1    0.0000000000    0.0000000000
    0   -1    0    1    2    4    2    0.0000000000    0.0000000000
    0   -1    0    1    2    4    3    0.0000000000    0.0000000000
    0   -1    0    1    2    4    4    0.2500000000    0.0000000000
    0   -1    0    2    1    1    1    0.0000000000    0.0000000000
    0   -1    0    2    1    1    2    0.0000000000    0.0000000000
    0   -1    0    2    1    1    3    0.0000000000    0.0000000000
    0   -1    0    2    1    1    4    0.0000000000    0.0000000000
    0   -1    0    2    1    2    1    0.0000000000    0.0000000000
    0   -1    0    2    1    2    2    0.0000000000    0.0000000000
    0   -1    0    2    1    2    3    0.0000000000    0.0000000000
    0   -1    0    2    1    2    4    0.0000000000    0.0000000000
    0   -1    0    2    1    3    1    0.0000000000    0.0000000000
    0   -1    0    2    1    3    2    0.0000000000    0.0000000000
    0   -1    0    2    1    3    3    0.0000000000    0.0000000000
    0   -1    0    2    1    3    4    0.0000000000    0.0000000000
    0   -1    0    2    1    4    1    0.0000000000    0.0000000000
    0   -1    0    2    1    4    2    0.0000000000    0.0000000000
    0   -1    0    2    1    4    3    0.0000000000    0.0000000000
    0   -1    0    2    1    4    4    0.0000000000    0.0000000000
    0   -1    0    2    2    1    1    0.0000000000    0.0000000000
    0   -1    0    2    2    1    2    0.0000000000    0.0000000000
    0   -1    0    2    2    1    3    0.0000000000    0.0000000000
    0   -1    0    2    2    1    4    0.0000000000    0.0000000000
    0   -1    0    2    2    2    1    0.0000000000    0.0000000000
    0   -1    0    2    2    2    2    0.0000000000    0.0000000000
    0   -1    0    2    2    2    3    0.0000000000    0.0000000000
    0   -1    0    2    2    2    4    0.0000000000    0.0000000000
    0   -1    0    2    2    3    1    0.0000000000    0.0000000000
    0   -1    0    2    2    3    2    0.0000000000    0.0000000000
    0   -1    0    2    2    3    3    0.0000000000    0.0000000000
    0   -1    0    2    2    3    4    0.0000000000    0.0000000000
    0   -1    0    2    2    4    1    0.0000000000    0.0000000000
    0   -1    0    2    2    4    2    0.0000000000    0.0000000000
    0   -1    0    2    2    4    3    0.0000000000    0.0000000000
    0   -1    0    2    2    4    4    0.0000000000    0.0000000000
    0    0   -1    1    1    1    1    0.0000000000    0.0000000000
    0    0   -1    1    1    1    2    0.0000000000    0.0000000000
    0    0   -1    1    1    1    3    0.0000000000    0.0000000000
    0    0   -1    1    1    1    4    0.0000000000    0.0000000000
    0    0   -1    1    1    2    1    0.0000000000    0.0000000000
    0    0   -1    1    1    2    2    0.0000000000    0.0000000000
    0    0   -1    1    1    2    3    0.0000000000    0.0000000000
    0    0   -1    1    1    2    4    0.0000000000    0.0000000000
    0    0   -1    1    1    3    1    0.0000000000    0.0000000000
    0    0   -1    1    1    3    2    0.0000000000    0.0000000000
    0    0   -1    1    1    3    3    0.0000000000    0.0000000000
    0    0   -1    1    1    3    4    0.0000000000    0.0000000000
    0    0   -1    1    1    4    1    0.0000000000    0.0000000000
    0    0   -1    1    1    4    2    0.0000000000    0.0000000000
    0    0   -1    1    1    4    3    0.0000000000    0.0000000000
    0    0   -1    1    1    4    4    0.0000000000    0.0000000000
    0    0   -1    1    2    1    1   -0.2500000000    0.0000000000
    0    0   -1    1    2    1    2    0.0000000000    0.0000000000
    0    0   -1    1    2    1    3    0.0000000000    0.0000000000
    0    0   -1    1    2    1    4    0.0000000000    0.0000000000
    0    0   -1    1    2    2    1    0.0000000000    0.0000000000
    0    0   -1    1    2    2    2    0.2500000000    0.0000000000
    0    0   -1    1    2    2    3    0.0000000000    0.0000000000
    0    0   -1    1    2    2    4    0.0000000000    0.0000000000
    0    0   -1    1    2    3    1    0.0000000000    0.0000000000
    0    0   -1    1    2    3    2    0.0000000000    0.0000000000
    0    0   -1    1    2    3    3    0.2500000000    0.0000000000
    0    0   -1    1    2    3    4    0.0000000000    0.0000000000
    0    0   -1    1    2    4    1    0.0000000000    0.0000000000
    0    0   -1    1    2    4    2    0.0000000000    0.0000000000
    0    0   -1    1    2    4    3    0.0000000000    0.0000000000
    0    0   -1    1    2    4    4    0.2500000000    0.0000000000
    0    0   -1    2    1    1    1    0.0000000000    0.0000000000
    0    0   -1    2    1    1    2    0.0000000000    0.0000000000
    0    0   -1    2    1    1    3    0.0000000000    0.0000000000
    0    0   -1    2    1    1    4    0.0000000000    0.0000000000
    0    0   -1    2    1    2    1    0.0000000000    0.0000000000
    0    0   -1    2    1    2    2    0.0000000000    0.0000000000
    0    0   -1    2    1    2    3    0.0000000000    0.0000000000
    0    0   -1    2    1    2    4    0.0000000000    0.0000000000
    0    0   -1    2    1    3    1    0.0000000000    0.0000000000
    0    0   -1    2    1    3    2    0.0000000000    0.0000000000
    0    0   -1    2    1    3    3    0.0000000000    0.0000000000
    0    0   -1    2    1    3    4    0.0000000000    0.0000000000
    0    0   -1    2    1    4    1    0.0000000000    0.0000000000
    0    0   -1    2    1    4    2    0.0000000000    0.0000000000
    0    0   -1    2    1    4    3    0.0000000000    0.0000000000
    0    0   -1    2    1    4    4    0.0000000000    0.0000000000
    0    0   -1    2    2    1    1    0.0000000000    0.0000000000
    0    0   -1    2    2    1    2    0.0000000000    0.0000000000
    0    0   -1    2    2    1    3    0.0000000000    0.0000000000
    0    0   -1    2    2    1    4    0.0000000000    0.0000000000
    0    0   -1    2    2    2    1    0.0000000000    0.0000000000
    0    0   -1    2    2    2    2    0.0000000000    0.0000000000
    0    0   -1    2    2    2    3    0.0000000000    0.0000000000
    0    0   -1    2    2    2    4    0.0000000000    0.0000000000
    0    0   -1    2    2    3    1    0.0000000000    0.0000000000
    0    0   -1    2    2    3    2    0.0000000000    0.0000000000
    0    0   -1    2    2    3    3    0.0000000000    0.0000000000
    0    0   -1    2    2    3    4    0.0000000000    0.0000000000
    0    0   -1    2    2    4    1    0.0000000000    0.0000000000
    0    0   -1    2    2    4    2    0.0000000000    0.0000000000
    0    0   -1    2    2    4    3    0.0000000000    0.0000000000
    0    0   -1    2    2    4    4    0.0000000000    0.0000000000
    0    0    0    1    1    1    1    0.0000000000    0.0000000000
    0    0    0    1    1    1    2    0.0000000000    0.0000000000
    0    0    0    1    1    1    3    0.0000000000    0.0000000000
    0    0    0    1    1    1    4    0.0000000000    0.0000000000
    0    0    0    1    1    2    1    0.0000000000    0.0000000000
    0    0    0    1    1    2    2    0.0000000000    0.0000000000
    0    0    0    1    1    2    3    0.0000000000    0.0000000000
    0    0    0    1    1    2    4    0.0000000000    0.0000000000
    0    0    0    1    1    3    1    0.0000000000    0.0000000000
    0    0    0    1    1    3    2    0.0000000000    0.0000000000
    0    0    0    1    1    3    3    0.0000000000    0.0000000000
    0    0    0    1    1    3    4    0.0000000000    0.0000000000
    0    0    0    1    1    4    1    0.0000000000    0.0000000000
    0    0    0    1    1    4    2    0.0000000000    0.0000000000
    0    0    0    1    1    4    3    0.0000000000    0.0000000000
    0    0    0    1    1    4    4    0.0000000000    0.0000000000
    0    0    0    1    2    1    1   -0.2500000000    0.0000000000
    0    0    0    1    2    1    2    0.0000000000    0.0000000000
    0    0    0    1    2    1    3    0.0000000000    0.0000000000
    0    0    0    1    2    1    4    0.0000000000    0.0000000000
    0    0    0    1    2    2    1    0.0000000000    0.0000000000
    0    0    0    1    2    2    2    0.2500000000    0.0000000000
    0    0    0    1    2    2    3    0.0000000000    0.0000000000
    0    0    0    1    2    2    4    0.0000000000    0.0000000000
    0    0    0    1    2    3    1    0.0000000000    0.0000000000
    0    0    0    1    2    3    2    0.0000000000    0.0000000000
    0    0    0    1    2    3    3    0.2500000000    0.0000000000
    0    0    0    1    2    3    4    0.0000000000    0.0000000000
    0    0    0    1    2    4    1    0.0000000000    0.0000000000
    0    0    0    1    2    4    2    0.0000000000    0.0000000000
    0    0    0    1    2    4    3    0.0000000000    0.0000000000
    0    0    0    1    2    4    4    0.2500000000    0.0000000000
    0    0    0    2    1    1    1   -0.2500000000    0.0000000000
    0    0    0    2    1    1    2    0.0000000000    0.0000000000
    0    0    0    2    1    1    3    0.0000000000    0.0000000000
    0    0    0    2    1    1    4    0.0000000000    0.0000000000
    0    0    0    2    1    2    1    0.0000000000    0.0000000000
    0    0    0    2    1    2    2    0.2500000000    0.0000000000
    0    0    0    2    1    2    3    0.0000000000    0.0000000000
    0    0    0    2    1    2    4    0.0000000000    0.0000000000
    0    0    0    2    1    3    1    0.0000000000    0.0000000000
    0    0    0    2    1    3    2    0.0000000000    0.0000000000
    0    0    0    2    1    3    3    0.2500000000    0.0000000000
    0    0    0    2    1    3    4    0.0000000000    0.0000000000
    0    0    0    2    1    4    1    0.0000000000    0.0000000000
    0    0    0    2    1    4    2    0.0000000000    0.0000000000
    0    0    0    2    1    4    3    0.0000000000    0.0000000000
    0    0    0    2    1    4    4    0.2500000000    0.0000000000
    0    0    0    2    2    1    1    0.0000000000    0.0000000000
    0    0    0    2    2    1    2    0.0000000000    0.0000000000
    0    0    0    2    2    1    3    0.0000000000    0.0000000000
    0    0    0    2    2    1    4    0.0000000000    0.0000000000
    0    0    0    2    2    2    1    0.0000000000    0.0000000000
    0    0    0    2    2    2    2    0.0000000000    0.0000000000
    0    0    0    2    2    2    3    0.0000000000    0.0000000000
    0    0    0    2    2    2    4    0.0000000000    0.0000000000
    0    0    0    2    2    3    1    0.0000000000    0.0000000000
    0    0    0    2    2    3    2    0.0000000000    0.0000000000
    0    0    0    2    2    3    3    0.0000000000    0.0000000000
    0    0    0    2    2    3    4    0.0000000000    0.0000000000
    0    0    0    2    2    4    1    0.0000000000    0.0000000000
    0    0    0    2    2    4    2    0.0000000000    0.0000000000
    0    0    0    2    2    4    3    0.0000000000    0.0000000000
    0    0    0    2    2    4    4    0.0000000000    0.0000000000
    0    0    1    1    1    1    1    0.0000000000    0.0000000000
    0    0    1    1    1    1    2    0.0000000000    0.0000000000
    0    0    1    1    1    1    3    0.0000000000    0.0000000000
    0    0    1    1    1    1    4    0.0000000000    0.0000000000
    0    0    1    1    1    2    1    0.0000000000    0.0000000000
    0    0    1    1    1    2    2    0.0000000000    0.0000000000
    0    0    1    1    1    2    3    0.0000000000    0.0000000000
    0    0    1    1    1    2    4    0.0000000000    0.0000000000
    0    0    1    1    1    3    1    0.0000000000    0.0000000000
    0    0    1    1    1    3    2    0.0000000000    0.0000000000
    0    0    1    1    1    3    3    0.0000000000    0.0000000000
    0    0    1    1    1    3    4    0.0000000000    0.0000000000
    0    0    1    1    1    4    1    0.0000000000    0.0000000000
    0    0    1    1    1    4    2    0.0000000000    0.0000000000
    0    0    1    1    1    4    3    0.0000000000    0.0000000000
    0    0    1    1    1    4    4    0.0000000000    0.0000000000
    0    0    1    1    2    1    1    0.0000000000    0.0000000000
    0    0    1    1    2    1    2    0.0000000000    0.0000000000
    0    0    1    1    2    1    3    0.0000000000    0.0000000000
    0    0    1    1    2    1    4    0.0000000000    0.0000000000
    0    0    1    1    2    2    1    0.0000000000    0.0000000000
    0    0    1    1    2    2    2    0.0000000000    0.0000000000
    0    0    1    1    2    2    3    0.0000000000    0.0000000000
    0    0    1    1    2    2    4    0.0000000000    0.0000000000
    0    0    1    1    2    3    1    0.0000000000    0.0000000000
    0    0    1    1    2    3    2    0.0000000000    0.0000000000
    0    0    1    1    2    3    3    0.0000000000    0.0000000000
    0    0    1    1    2    3    4    0.0000000000    0.0000000000
    0    0    1    1    2    4    1    0.0000000000    0.0000000000
    0    0    1    1    2    4    2    0.0000000000    0.0000000000
    0    0    1    1    2    4    3    0.0000000000    0.0000000000
    0    0    1    1    2    4    4    0.0000000000    0.0000000000
    0    0    1    2    1    1    1   -0.2500000000    0.0000000000
    0    0    1    2    1    1    2    0.0000000000    0.0000000000
    0    0    1    2    1    1    3    0.0000000000    0.0000000000
    0    0    1    2    1    1    4    0.0000000000    0.0000000000
    0    0    1    2    1    2    1    0.0000000000    0.0000000000
    0    0    1    2    1    2    2    0.2500000000    0.0000000000
    0    0    1    2    1    2    3    0.0000000000    0.0000000000
    0    0    1    2    1    2    4    0.0000000000    0.0000000000
    0    0    1    2    1    3    1    0.0000000000    0.0000000000
    0    0    1    2    1    3    2    0.0000000000    0.0000000000
    0    0    1    2    1    3    3    0.2500000000    0.0000000000
    0    0    1    2    1    3    4    0.0000000000    0.0000000000
    0    0    1    2    1    4    1    0.0000000000    0.0000000000
    0    0    1    2    1    4    2    0.0000000000    0.0000000000
    0    0    1    2    1    4    3    0.0000000000    0.0000000000
    0    0    1    2    1    4    4    0.2500000000    0.0000000000
    0    0    1    2    2    1    1    0.0000000000    0.0000000000
    0    0    1    2    2    1    2    0.0000000000    0.0000000000
    0    0    1    2    2    1    3    0.0000000000    0.0000000000
    0    0    1    2    2    1    4    0.0000000000    0.0000000000
    0    0    1    2    2    2    1    0.0000000000    0.0000000000
    0    0    1    2    2    2    2    0.0000000000    0.0000000000
    0    0    1    2    2    2    3    0.0000000000    0.0000000000
    0    0    1    2    2    2    4    0.0000000000    0.0000000000
    0    0    1    2    2    3    1    0.0000000000    0.0000000000
    0    0    1    2    2    3    2    0.0000000000    0.0000000000
    0    0    1    2    2    3    3    0.0000000000    0.0000000000
    0    0    1    2    2    3    4    0.0000000000    0.0000000000
    0    0    1    2    2    4    1    0.0000000000    0.0000000000
    0    0    1    2    2    4    2    0.0000000000    0.0000000000
    0    0    1    2    2    4    3    0.0000000000    0.0000000000
    0    0    1    2    2    4    4    0.0000000000    0.0000000000
    0    1    0    1    1    1    1    0.0000000000    0.0000000000
    0    1    0    1    1    1    2    0.0000000000    0.0000000000
    0    1    0    1    1    1    3    0.0000000000    0.0000000000
    0    1    0    1    1    1    4    0.0000000000    0.0000000000
    0    1    0    1    1    2    1    0.0000000000    0.0000000000
    0    1    0    1    1    2    2    0.0000000000    0.0000000000
    0    1    0    1    1    2    3    0.0000000000    0.0000000000
    0    1    0    1    1    2    4    0.0000000000    0.0000000000
    0    1    0    1    1    3    1    0.0000000000    0.0000000000
    0    1    0    1    1    3    2    0.0000000000    0.0000000000
    0    1    0    1    1    3    3    0.0000000000    0.0000000000
    0    1    0    1    1    3    4    0.0000000000    0.0000000000
    0    1    0    1    1    4    1    0.0000000000    0.0000000000
    0    1    0    1    1    4    2    0.0000000000    0.0000000000
    0    1    0    1    1    4    3    0.0000000000    0.0000000000
    0    1    0    1    1    4    4    0.0000000000    0.0000000000
    0    1    0    1    2    1    1    0.0000000000    0.0000000000
    0    1    0    1    2    1    2    0.0000000000    0.0000000000
    0    1    0    1    2    1    3    0.0000000000    0.0000000000
    0    1    0    1    2    1    4    0.0000000000    0.0000000000
    0    1    0    1    2    2    1    0.0000000000    0.0000000000
    0    1    0    1    2    2    2    0.0000000000    0.0000000000
    0    1    0    1    2    2    3    0.0000000000    0.0000000000
    0    1    0    1    2    2    4    0.0000000000    0.0000000000
    0    1    0    1    2    3    1    0.0000000000    0.0000000000
    0    1    0    1    2    3    2    0.0000000000    0.0000000000
    0    1    0    1    2    3    3    0.0000000000    0.0000000000
    0    1    0    1    2    3    4    0.0000000000    0.0000000000
    0    1    0    1    2    4    1    0.0000000000    0.0000000000
    0    1    0    1    2    4    2    0.0000000000    0.0000000000
    0    1    0    1    2    4    3    0.0000000000    0.0000000000
    0    1    0    1    2    4    4    0.0000000000    0.0000000000
    0    1    0    2    1    1    1   -0.2500000000    0.0000000000
    0    1    0    2    1    1    2    0.0000000000    0.0000000000
    0    1    0    2    1    1    3    0.0000000000    0.0000000000
    0    1    0    2    1    1    4    0.0000000000    0.0000000000
    0    1    0    2    1    2    1    0.0000000000    0.0000000000
    0    1    0    2    1    2    2    0.2500000000    0.0000000000
    0    1    0    2    1    2    3    0.0000000000    0.0000000000
    0    1    0    2    1    2    4    0.0000000000    0.0000000000
    0    1    0    2    1    3    1    0.0000000000    0.0000000000
    0    1    0    2    1    3    2    0.0000000000    0.0000000000
    0    1    0    2    1    3    3    0.2500000000    0.0000000000
    0    1    0    2    1    3    4    0.0000000000    0.0000000000
    0    1    0    2    1    4    1    0.0000000000    0.0000000000
    0    1    0    2    1    4    2    0.0000000000    0.0000000000
    0    1    0    2    1    4    3    0.0000000000    0.0000000000
    0    1    0    2    1    4    4    0.2500000000    0.0000000000
    0    1    0    2    2    1    1    0.0000000000    0.0000000000
    0    1    0    2    2    1    2    0.0000000000    0.0000000000
    0    1    0    2    2    1    3    0.0000000000    0.0000000000
    0    1    0    2    2    1    4    0.0000000000    0.0000000000
    0    1    0    2    2    2    1    0.0000000000    0.0000000000
    0    1    0    2    2    2    2    0.0000000000    0.0000000000
    0    1    0    2    2    2    3    0.0000000000    0.0000000000
    0    1    0    2    2    2    4    0.0000000000    0.0000000000
    0    1    0    2    2    3    1    0.0000000000    0.0000000000
    0    1    0    2    2    3    2    0.0000000000    0.0000000000
    0    1    0    2    2    3    3    0.0000000000    0.0000000000
    0    1    0    2    2    3    4    0.0000000000    0.0000000000
    0    1    0    2    2    4    1    0.0000000000    0.0000000000
    0    1    0    2    2    4    2    0.0000000000    0.0000000000
    0    1    0    2    2    4    3    0.0000000000    0.0000000000
    0    1    0    2    2    4    4    0.0000000000    0.0000000000
    0    1    1    1    1    1    1    0.0000000000    0.0000000000
    0    1    1    1    1    1    2    0.0000000000    0.0000000000
    0    1    1    1    1    1    3    0.0000000000    0.0000000000
    0    1    1    1    1    1    4    0.0000000000    0.0000000000
    0    1    1    1    1    2    1    0.0000000000    0.0000000000
    0    1    1    1    1    2    2    0.0000000000    0.0000000000
    0    1    1    1    1    2    3    0.0000000000    0.0000000000
    0    1    1    1    1    2    4    0.0000000000    0.0000000000
    0    1    1    1    1    3    1    0.0000000000    0.0000000000
    0    1    1    1    1    3    2    0.0000000000    0.0000000000
    0    1    1    1    1    3    3    0.0000000000    0.0000000000
    0    1    1    1    1    3    4    0.0000000000    0.0000000000
    0    1    1    1    1    4    1    0.0000000000    0.0000000000
    0    1    1    1    1    4    2    0.0000000000    0.0000000000
    0    1    1    1    1    4    3    0.0000000000    0.0000000000
    0    1    1    1    1    4    4    0.0000000000    0.0000000000
    0    1    1    1    2    1    1    0.0000000000    0.0000000000
    0    1    1    1    2    1    2    0.0000000000    0.0000000000
    0    1    1    1    2    1    3    0.0000000000    0.0000000000
    0    1    1    1    2    1    4    0.0000000000    0.0000000000
    0    1    1    1    2    2    1    0.0000000000    0.0000000000
    0    1    1    1    2    2    2    0.0000000000    0.0000000000
    0    1    1    1    2    2    3    0.0000000000    0.0000000000
    0    1    1    1    2    2    4    0.0000000000    0.0000000000
    0    1    1    1    2    3    1    0.0000000000    0.0000000000
    0    1    1    1    2    3    2    0.0000000000    0.0000000000
    0    1    1    1    2    3    3    0.0000000000    0.0000000000
    0    1    1    1    2    3    4    0.0000000000    0.0000000000
    0    1    1    1    2    4    1    0.0000000000    0.0000000000
    0    1    1    1    2    4    2    0.0000000000    0.0000000000
    0    1    1    1    2    4    3    0.0000000000    0.0000000000
    0    1    1    1    2    4    4    0.0000000000    0.0000000000
    0    1    1    2    1    1    1   -0.2500000000    0.0000000000
    0    1    1    2    1    1    2    0.0000000000    0.0000000000
    0    1    1    2    1    1    3    0.0000000000    0.0000000000
    0    1    1    2    1    1    4    0.0000000000    0.0000000000
    0    1    1    2    1    2    1    0.0000000000    0.0000000000
    0    1    1    2    1    2    2    0.2500000000    0.0000000000
    0    1    1    2    1    2    3    0.0000000000    0.0000000000
    0    1    1    2    1    2    4    0.0000000000    0.0000000000
    0    1    1    2    1    3    1    0.0000000000    0.0000000000
    0    1    1    2    1    3    2    0.0000000000    0.0000000000
    0    1    1    2    1    3    3    0.2500000000    0.0000000000
    0    1    1    2    1    3    4    0.0000000000    0.0000000000
    0    1    1    2    1    4    1    0.0000000000    0.0000000000
    0    1    1    2    1    4    2    0.0000000000    0.0000000000
    0    1    1    2    1    4    3    0.0000000000    0.0000000000
    0    1    1    2    1    4    4    0.2500000000    0.0000000000
    0    1    1    2    2    1    1    0.0000000000    0.0000000000
    0    1    1    2    2    1    2    0.0000000000    0.0000000000
    0    1    1    2    2    1    3    0.0000000000    0.0000000000
    0    1    1    2    2    1    4    0.0000000000    0.0000000000
    0    1    1    2    2    2    1    0.0000000000    0.0000000000
    0    1    1    2    2    2    2    0.0000000000    0.0000000000
    0    1    1    2    2    2    3    0.0000000000    0.0000000000
    0    1    1    2    2    2    4    0.0000000000    0.0000000000
    0    1    1    2    2    3    1    0.0000000000    0.0000000000
    0    1    1    2    2    3    2    0.0000000000    0.0000000000
    0    1    1    2    2    3    3    0.0000000000    0.0000000000
    0    1    1    2    2    3    4    0.0000000000    0.0000000000
    0    1    1    2    2    4    1    0.0000000000    0.0000000000
    0    1    1    2    2    4    2    0.0000000000    0.0000000000
    0    1    1    2    2    4    3    0.0000000000    0.0000000000
    0    1    1    2    2    4    4    0.0000000000    0.0000000000
    1    0    0    1    1    1    1    0.0000000000    0.0000000000
    1    0    0    1    1    1    2    0.0000000000    0.0000000000
    1    0    0    1    1    1    3    0.0000000000    0.0000000000
    1    0    0    1    1    1    4    0.0000000000    0.0000000000
    1    0    0    1    1    2    1    0.0000000000    0.0000000000
    1    0    0    1    1    2    2    0.0000000000    0.0000000000
    1    0    0    1    1    2    3    0.0000000000    0.0000000000
    1    0    0    1    1    2    4    0.0000000000    0.0000000000
    1    0    0    1    1    3    1    0.0000000000    0.0000000000
    1    0    0    1    1    3    2    0.0000000000    0.0000000000
    1    0    0    1    1    3    3    0.0000000000    0.0000000000
    1    0    0    1    1    3    4    0.0000000000    0.0000000000
    1    0    0    1    1    4    1    0.0000000000    0.0000000000
    1    0    0    1    1    4    2    0.0000000000    0.0000000000
    1    0    0    1    1    4    3    0.0000000000    0.0000000000
    1    0    0    1    1    4    4    0.0000000000    0.0000000000
    1    0    0    1    2    1    1    0.0000000000    0.0000000000
    1    0    0    1    2    1    2    0.0000000000    0.0000000000
    1    0    0    1    2    1    3    0.0000000000    0.0000000000
    1    0    0    1    2    1    4    0.0000000000    0.0000000000
    1    0    0    1    2    2    1    0.0000000000    0.0000000000
    1    0    0    1    2    2    2    0.0000000000    0.0000000000
    1    0    0    1    2    2    3    0.0000000000    0.0000000000
    1    0    0    1    2    2    4    0.0000000000    0.0000000000
    1    0    0    1    2    3    1    0.0000000000    0.0000000000
    1    0    0    1    2    3    2    0.0000000000    0.0000000000
    1    0    0    1    2    3    3    0.0000000000    0.0000000000
    1    0    0    1    2    3    4    0.0000000000    0.0000000000
    1    0    0    1    2    4    1    0.0000000000    0.0000000000
    1    0    0    1    2    4    2    0.0000000000    0.0000000000
    1    0    0    1    2    4    3    0.0000000000    0.0000000000
    1    0    0    1    2    4    4    0.0000000000    0.0000000000
    1    0    0    2    1    1    1   -0.2500000000    0.0000000000
    1    0    0    2    1    1    2    0.0000000000    0.0000000000
    1    0    0    2    1    1    3    0.0000000000    0.0000000000
    1    0    0    2    1    1    4    0.0000000000    0.0000000000
    1    0    0    2    1    2    1    0.0000000000    0.0000000000
    1    0    0    2    1    2    2    0.2500000000    0.0000000000
    1    0    0    2    1    2    3    0.0000000000    0.0000000000
    1    0    0    2    1    2    4    0.0000000000    0.0000000000
    1    0    0    2    1    3    1    0.0000000000    0.0000000000
    1    0    0    2    1    3    2    0.0000000000    0.0000000000
    1    0    0    2    1    3    3    0.2500000000    0.0000000000
    1    0    0    2    1    3    4    0.0000000000    0.0000000000
    1    0    0    2    1    4    1    0.0000000000    0.0000000000
    1    0    0    2    1    4    2    0.0000000000    0.0000000000
    1    0    0    2    1    4    3    0.0000000000    0.0000000000
    1    0    0    2    1    4    4    0.2500000000    0.0000000000
    1    0    0    2    2    1    1    0.0000000000    0.0000000000
    1    0    0    2    2    1    2    0.0000000000    0.0000000000
    1    0    0    2    2    1    3    0.0000000000    0.0000000000
    1    0    0    2    2    1    4    0.0000000000    0.0000000000
    1    0    0    2    2    2    1    0.0000000000    0.0000000000
    1    0    0    2    2    2    2    0.0000000000    0.0000000000
    1    0    0    2    2    2    3    0.0000000000    0.0000000000
    1    0    0    2    2    2    4    0.0000000000    0.0000000000
    1    0    0    2    2    3    1    0.0000000000    0.0000000000
    1    0    0    2    2    3    2    0.0000000000    0.0000000000
    1    0    0    2    2    3    3    0.0000000000    0.0000000000
    1    0    0    2    2    3    4    0.0000000000    0.0000000000
    1    0    0    2    2    4    1    0.0000000000    0.0000000000
    1    0    0    2    2    4    2    0.0000000000    0.0000000000
    1    0    0    2    2    4    3    0.0000000000    0.0000000000
    1    0    0    2    2    4    4    0.0000000000    0.0000000000
    1    0    1    1    1    1    1    0.0000000000    0.0000000000
    1    0    1    1    1    1    2    0.0000000000    0.0000000000
    1    0    1    1    1    1    3    0.0000000000    0.0000000000
    1    0    1    1    1    1    4    0.0000000000    0.0000000000
    1    0    1    1    1    2    1    0.0000000000    0.0000000000
    1    0    1    1    1    2    2    0.0000000000    0.0000000000
    1    0    1    1    1    2    3    0.0000000000    0.0000000000
    1    0    1    1    1    2    4    0.0000000000    0.0000000000
    1    0    1    1    1    3    1    0.0000000000    0.0000000000
    1    0    1    1    1    3    2    0.0000000000    0.0000000000
    1    0    1    1    1    3    3    0.0000000000    0.0000000000
    1    0    1    1    1    3    4    0.0000000000    0.0000000000
    1    0    1    1    1    4    1    0.0000000000    0.0000000000
    1    0    1    1    1    4    2    0.0000000000    0.0000000000
    1    0    1    1    1    4    3    0.0000000000    0.0000000000
    1    0    1    1    1    4    4    0.0000000000    0.0000000000
    1    0    1    1    2    1    1    0.0000000000    0.0000000000
    1    0    1    1    2    1    2    0.0000000000    0.0000000000
    1    0    1    1    2    1    3    0.0000000000    0.0000000000
    1    0    1    1    2    1    4    0.0000000000    0.0000000000
    1    0    1    1    2    2    1    0.0000000000    0.0000000000
    1    0    1    1    2    2    2    0.0000000000    0.0000000000
    1    0    1    1    2    2    3    0.0000000000    0.0000000000
    1    0    1    1    2    2    4    0.0000000000    0.0000000000
    1    0    1    1    2    3    1    0.0000000000    0.0000000000
    1    0    1    1    2    3    2    0.0000000000    0.0000000000
    1    0    1    1    2    3    3    0.0000000000    0.0000000000
    1    0    1    1    2    3    4    0.0000000000    0.0000000000
    1    0    1    1    2    4    1    0.0000000000    0.0000000000
    1    0    1    1    2    4    2    0.0000000000    0.0000000000
    1    0    1    1    2    4    3    0.0000000000    0.0000000000
    1    0    1    1    2    4    4    0.0000000000    0.0000000000
    1    0    1    2    1    1    1   -0.2500000000    0.0000000000
    1    0    1    2    1    1    2    0.0000000000    0.0000000000
    1    0    1    2    1    1    3    0.0000000000    0.0000000000
    1    0    1    2    1    1    4    0.0000000000    0.0000000000
    1    0    1    2    1    2    1    0.0000000000    0.0000000000
    1    0    1    2    1    2    2    0.2500000000    0.0000000000
    1    0    1    2    1    2    3    0.0000000000    0.0000000000
    1    0    1    2    1    2    4    0.0000000000    0.0000000000
    1    0    1    2    1    3    1    0.0000000000    0.0000000000
    1    0    1    2    1    3    2    0.0000000000    0.0000000000
    1    0    1    2    1    3    3    0.2500000000    0.0000000000
    1    0    1    2    1    3    4    0.0000000000    0.0000000000
    1    0    1    2    1    4    1    0.0000000000    0.0000000000
    1    0    1    2    1    4    2    0.0000000000    0.0000000000
    1    0    1    2    1    4    3    0.0000000000    0.0000000000
    1    0    1    2    1    4    4    0.2500000000    0.0000000000
    1    0    1    2    2    1    1    0.0000000000    0.0000000000
    1    0    1    2    2    1    2    0.0000000000    0.0000000000
    1    0    1    2    2    1    3    0.0000000000    0.0000000000
    1    0    1    2    2    1    4    0.0000000000    0.0000000000
    1    0    1    2    2    2    1    0.0000000000    0.0000000000
    1    0    1    2    2    2    2    0.0000000000    0.0000000000
    1    0    1    2    2    2    3    0.0000000000    0.0000000000
    1    0    1    2    2    2    4    0.0000000000    0.0000000000
    1    0    1    2    2    3    1    0.0000000000    0.0000000000
    1    0    1    2    2    3    2    0.0000000000    0.0000000000
    1    0    1    2    2    3    3    0.0000000000    0.0000000000
    1    0    1    2    2    3    4    0.0000000000    0.0000000000
    1    0    1    2    2    4    1    0.0000000000    0.0000000000
    1    0    1    2    2    4    2    0.0000000000    0.0000000000
    1    0    1    2    2    4    3    0.0000000000    0.0000000000
    1    0    1    2    2    4    4    0.0000000000    0.0000000000
    1    1    0    1    1    1    1    0.0000000000    0.0000000000
    1    1    0    1    1    1    2    0.0000000000    0.0000000000
    1    1    0    1    1    1    3    0.0000000000    0.0000000000
    1    1    0    1    1    1    4    0.0000000000    0.0000000000
    1    1    0    1    1    2    1    0.0000000000    0.0000000000
    1    1    0    1    1    2    2    0.0000000000    0.0000000000
    1    1    0    1    1    2    3    0.0000000000    0.0000000000
    1    1    0    1    1    2    4    0.0000000000    0.0000000000
    1    1    0    1    1    3    1    0.0000000000    0.0000000000
    1    1    0    1    1    3    2    0.0000000000    0.0000000000
    1    1    0    1    1    3    3    0.0000000000    0.0000000000
    1    1    0    1    1    3    4    0.0000000000    0.0000000000
    1    1    0    1    1    4    1    0.0000000000    0.0000000000
    1    1    0    1    1    4    2    0.0000000000    0.0000000000
    1    1    0    1    1    4    3    0.0000000000    0.0000000000
    1    1    0    1    1    4    4    0.0000000000    0.0000000000
    1    1    0    1    2    1    1    0.0000000000    0.0000000000
    1    1    0    1    2    1    2    0.0000000000    0.0000000000
    1    1    0    1    2    1    3    0.0000000000    0.0000000000
    1    1    0    1    2    1    4    0.0000000000    0.0000000000
    1    1    0    1    2    2    1    0.0000000000    0.0000000000
    1    1    0    1    2    2    2    0.0000000000    0.0000000000
    1    1    0    1    2    2    3    0.0000000000    0.0000000000
    1    1    0    1    2    2    4    0.0000000000    0.0000000000
    1    1    0    1    2    3    1    0.0000000000    0.0000000000
    1    1    0    1    2    3    2    0.0000000000    0.0000000000
    1    1    0    1    2    3    3    0.0000000000    0.0000000000
    1    1    0    1    2    3    4    0.0000000000    0.0000000000
    1    1    0    1    2    4    1    0.0000000000    0.0000000000
    1    1    0    1    2    4    2    0.0000000000    0.0000000000
    1    1    0    1    2    4    3    0.0000000000    0.0000000000
    1    1    0    1    2    4    4    0.0000000000    0.0000000000
    1    1    0    2    1    1    1   -0.2500000000    0.0000000000
    1    1    0    2    1    1    2    0.0000000000    0.0000000000
    1    1    0    2    1    1    3    0.0000000000    0.0000000000
    1    1    0    2    1    1    4    0.0000000000    0.0000000000
    1    1    0    2    1    2    1    0.0000000000    0.0000000000
    1    1    0    2    1    2    2    0.2500000000    0.0000000000
    1    1    0    2    1    2    3    0.0000000000    0.0000000000
    1    1    0    2    1    2    4    0.0000000000    0.0000000000
    1    1    0    2    1    3    1    0.0000000000    0.0000000000
    1    1    0    2    1    3    2    0.0000000000    0.0000000000
    1    1    0    2    1    3    3    0.2500000000    0.0000000000
    1    1    0    2    1    3    4    0.0000000000    0.0000000000
    1    1    0    2    1    4    1    0.0000000000    0.0000000000
    1    1    0    2    1    4    2    0.0000000000    0.0000000000
    1    1    0    2    1    4    3    0.0000000000    0.0000000000
    1    1    0    2    1    4    4    0.2500000000    0.0000000000
    1    1    0    2    2    1    1    0.0000000000    0.0000000000
    1    1    0    2    2    1    2    0.0000000000    0.0000000000
    1    1    0    2    2    1    3    0.0000000000    0.0000000000
    1    1    0    2    2    1    4    0.0000000000    0.0000000000
    1    1    0    2    2    2    1    0.0000000000    0.0000000000
    1    1    0    2    2    2    2    0.0000000000    0.0000000000
    1    1    0    2    2    2    3    0.0000000000    0.0000000000
    1    1    0    2    2    2    4    0.0000000000    0.0000000000
    1    1    0    2    2    3    1    0.0000000000    0.0000000000
    1    1    0    2    2    3    2    0.0000000000    0.0000000000
    1    1    0    2    2    3    3    0.0000000000    0.0000000000
    1    1    0    2    2    3    4    0.0000000000    0.0000000000
    1    1    0    2    2    4    1    0.0000000000    0.0000000000
    1    1    0    2    2    4    2    0.0000000000    0.0000000000
    1    1    0    2    2    4    3    0.0000000000    0.0000000000
    1    1    0    2    2    4    4    0.0000000000    0.0000000000
    1    1    1    1    1    1    1    0.0000000000    0.0000000000
    1    1    1    1    1    1    2    0.0000000000    0.0000000000
    1    1    1    1    1    1    3    0.0000000000    0.0000000000
    1    1    1    1    1    1    4    0.0000000000    0.0000000000
    1    1    1    1    1    2    1    0.0000000000    0.0000000000
    1    1    1    1    1    2    2    0.0000000000    0.0000000000
    1    1    1    1    1    2    3    0.0000000000    0.0000000000
    1    1    1    1    1    2    4    0.0000000000    0.0000000000
    1    1    1    1    1    3    1    0.0000000000    0.0000000000
    1    1    1    1    1    3    2    0.0000000000    0.0000000000
    1    1    1    1    1    3    3    0.0000000000    0.0000000000
    1    1    1    1    1    3    4    0.0000000000    0.0000000000
    1    1    1    1    1    4    1    0.0000000000    0.0000000000
    1    1    1    1    1    4    2    0.0000000000    0.0000000000
    1    1    1    1    1    4    3    0.0000000000    0.0000000000
    1    1    1    1    1    4    4    0.0000000000    0.0000000000
    1    1    1    1    2    1    1    0.0000000000    0.0000000000
    1    1    1    1    2    1    2    0.0000000000    0.0000000000
    1    1    1    1    2    1    3    0.0000000000    0.0000000000
    1    1    1    1    2    1    4    0.0000000000    0.0000000000
    1    1    1    1    2    2    1    0.0000000000    0.0000000000
    1    1    1    1    2    2    2    0.0000000000    0.0000000000
    1    1    1    1    2    2    3    0.0000000000    0.0000000000
    1    1    1    1    2    2    4    0.0000000000    0.0000000000
    1    1    1    1    2    3    1    0.0000000000    0.0000000000
    1    1    1    1    2    3    2    0.0000000000    0.0000000000
    1    1    1    1    2    3    3    0.0000000000    0.0000000000
    1    1    1    1    2    3    4    0.0000000000    0.0000000000
    1    1    1    1    2    4    1    0.0000000000    0.0000000000
    1    1    1    1    2    4    2    0.0000000000    0.0000000000
    1    1    1    1    2    4    3    0.0000000000    0.0000000000
    1    1    1    1    2    4    4    0.0000000000    0.0000000000
    1    1    1    2    1    1    1   -0.2500000000    0.0000000000
    1    1    1    2    1    1    2    0.0000000000    0.0000000000
    1    1    1    2    1    1    3    0.0000000000    0.0000000000
    1    1    1    2    1    1    4    0.0000000000    0.0000000000
    1    1    1    2    1    2    1    0.0000000000    0.0000000000
    1    1    1    2    1    2    2    0.2500000000    0.0000000000
    1    1    1    2    1    2    3    0.0000000000    0.0000000000
    1    1    1    2    1    2    4    0.0000000000    0.0000000000
    1    1    1    2    1    3    1    0.0000000000    0.0000000000
    1    1    1    2    1    3    2    0.0000000000    0.0000000000
    1    1    1    2    1    3    3    0.2500000000    0.0000000000
    1    1    1    2    1    3    4    0.0000000000    0.0000000000
    1    1    1    2    1    4    1    0.0000000000    0.0000000000
    1    1    1    2    1    4    2    0.0000000000    0.0000000000
    1    1    1    2    1    4    3    0.0000000000    0.0000000000
    1    1    1    2    1    4    4    0.2500000000    0.0000000000
    1    1    1    2    2    1    1    0.0000000000    0.0000000000
    1    1    1    2    2    1    2    0.0000000000    0.0000000000
    1    1    1    2    2    1    3    0.0000000000    0.0000000000
    1    1    1    2    2    1    4    0.0000000000    0.0000000000
    1    1    1    2    2    2    1    0.0000000000    0.0000000000
    1    1    1    2    2    2    2    0.0000000000    0.0000000000
    1    1    1    2    2    2    3    0.0000000000    0.0000000000
    1    1    1    2    2    2    4    0.0000000000    0.0000000000
    1    1    1    2    2    3    1    0.0000000000    0.0000000000
    1    1    1    2    2    3    2    0.0000000000    0.0000000000
    1    1    1    2    2    3    3    0.0000000000    0.0000000000
    1    1    1    2    2    3    4    0.0000000000    0.0000000000
    1    1    1    2    2    4    1    0.0000000000    0.0000000000
    1    1    1    2    2    4    2    0.0000000000    0.0000000000
    1    1    1    2    2    4    3    0.0000000000    0.0000000000
    1    1    1    2    2    4    4    0.0000000000    0.0000000000
